SU106 AirbusA320 Berlin 31 5 2023 16 8 18 44 180 5 90 12000 90
SU101 AirbusA320 StPetersburg 18 6 2023 11 30 13 30 180 10 75 10000 75
SU111 AirbusA320 Berlin 5 7 2023 15 40 17 59 180 0 70 8000 70
SU103 Boeing737 Tokyo 25 5 2024 9 0 17 35 250 40 160 20000 160
SU108 Boeing737 Rome 26 5 2023 10 15 14 0 250 18 120 18000 120
SU107 Boeing787 LosAngeles 1 6 2023 2 60 16 40 300 34 200 28000 200
SU110 Boeing777 Madrid 30 5 2023 11 0 19 0 350 48 220 24000 220
SU102 Boeing777 NewYork 1 1 2024 15 33 20 0 350 50 150 25000 150
SU105 Boeing747 Beijing 30 6 2024 14 20 22 20 400 58 128 22000 128
SU104 AirbusA380 Paris 28 5 2024 12 25 16 5 500 100 300 30000 300
SU109 AirbusA380 Dubai 29 5 2023 13 12 17 0 500 0 20 40000 20
